a:	0.12917189783485
c:	0.12002818056138
d:	0.21034615415498
e:	0.16017006553064
f:	0.14201214013169
g:	0.12501657052842
h:	0.20132320853837
i:	0.19824942724299
k:	0.12152131690636
l:	0.14274844444250
