a:	0.14397087943688
c:	0.10156635006521
d:	0.19439381184655
e:	0.15493746950389
f:	0.10234384815809
g:	0.12511780744979
h:	0.19577724767842
i:	0.20724750568420
k:	0.14256629106807
l:	0.17627834085663
