a:	0.04046548463865
c:	0.04835175908322
d:	0.05617933198346
e:	0.05254345255577
f:	0.06717198636882
g:	0.02408102771661
h:	0.04202045390587
i:	0.04118383328685
k:	0.05749763858045
l:	0.05182079272283
